Размер выборки
230

Шаг выборки
 0.100000000000000E+01

Массив времени
 0.000000000000000E+00    0.100000000000000E+01    0.200000000000000E+01    0.300000000000000E+01    0.400000000000000E+01    0.500000000000000E+01    0.600000000000000E+01    0.700000000000000E+01    0.800000000000000E+01    0.900000000000000E+01    0.100000000000000E+02    0.110000000000000E+02    0.120000000000000E+02    0.130000000000000E+02    0.140000000000000E+02    0.150000000000000E+02    0.160000000000000E+02    0.170000000000000E+02    0.180000000000000E+02    0.190000000000000E+02    0.200000000000000E+02    0.210000000000000E+02    0.220000000000000E+02    0.230000000000000E+02    0.240000000000000E+02    0.250000000000000E+02    0.260000000000000E+02    0.270000000000000E+02    0.280000000000000E+02    0.290000000000000E+02    0.300000000000000E+02    0.310000000000000E+02    0.320000000000000E+02    0.330000000000000E+02    0.340000000000000E+02    0.350000000000000E+02    0.360000000000000E+02    0.370000000000000E+02    0.380000000000000E+02    0.390000000000000E+02    0.400000000000000E+02    0.410000000000000E+02    0.420000000000000E+02    0.430000000000000E+02    0.440000000000000E+02    0.450000000000000E+02    0.460000000000000E+02    0.470000000000000E+02    0.480000000000000E+02    0.490000000000000E+02    0.500000000000000E+02    0.510000000000000E+02    0.520000000000000E+02    0.530000000000000E+02    0.540000000000000E+02    0.550000000000000E+02    0.560000000000000E+02    0.570000000000000E+02    0.580000000000000E+02    0.590000000000000E+02    0.600000000000000E+02    0.610000000000000E+02    0.620000000000000E+02    0.630000000000000E+02    0.640000000000000E+02    0.650000000000000E+02    0.660000000000000E+02    0.670000000000000E+02    0.680000000000000E+02    0.690000000000000E+02    0.700000000000000E+02    0.710000000000000E+02    0.720000000000000E+02    0.730000000000000E+02    0.740000000000000E+02    0.750000000000000E+02    0.760000000000000E+02    0.770000000000000E+02    0.780000000000000E+02    0.790000000000000E+02    0.800000000000000E+02    0.810000000000000E+02    0.820000000000000E+02    0.830000000000000E+02    0.840000000000000E+02    0.850000000000000E+02    0.860000000000000E+02    0.870000000000000E+02    0.880000000000000E+02    0.890000000000000E+02    0.900000000000000E+02    0.910000000000000E+02    0.920000000000000E+02    0.930000000000000E+02    0.940000000000000E+02    0.950000000000000E+02    0.960000000000000E+02    0.970000000000000E+02    0.980000000000000E+02    0.990000000000000E+02    0.100000000000000E+03    0.101000000000000E+03    0.102000000000000E+03    0.103000000000000E+03    0.104000000000000E+03    0.105000000000000E+03    0.106000000000000E+03    0.107000000000000E+03    0.108000000000000E+03    0.109000000000000E+03    0.110000000000000E+03    0.111000000000000E+03    0.112000000000000E+03    0.113000000000000E+03    0.114000000000000E+03    0.115000000000000E+03    0.116000000000000E+03    0.117000000000000E+03    0.118000000000000E+03    0.119000000000000E+03    0.120000000000000E+03    0.121000000000000E+03    0.122000000000000E+03    0.123000000000000E+03    0.124000000000000E+03    0.125000000000000E+03    0.126000000000000E+03    0.127000000000000E+03    0.128000000000000E+03    0.129000000000000E+03    0.130000000000000E+03    0.131000000000000E+03    0.132000000000000E+03    0.133000000000000E+03    0.134000000000000E+03    0.135000000000000E+03    0.136000000000000E+03    0.137000000000000E+03    0.138000000000000E+03    0.139000000000000E+03    0.140000000000000E+03    0.141000000000000E+03    0.142000000000000E+03    0.143000000000000E+03    0.144000000000000E+03    0.145000000000000E+03    0.146000000000000E+03    0.147000000000000E+03    0.148000000000000E+03    0.149000000000000E+03    0.150000000000000E+03    0.151000000000000E+03    0.152000000000000E+03    0.153000000000000E+03    0.154000000000000E+03    0.155000000000000E+03    0.156000000000000E+03    0.157000000000000E+03    0.158000000000000E+03    0.159000000000000E+03    0.160000000000000E+03    0.161000000000000E+03    0.162000000000000E+03    0.163000000000000E+03    0.164000000000000E+03    0.165000000000000E+03    0.166000000000000E+03    0.167000000000000E+03    0.168000000000000E+03    0.169000000000000E+03    0.170000000000000E+03    0.171000000000000E+03    0.172000000000000E+03    0.173000000000000E+03    0.174000000000000E+03    0.175000000000000E+03    0.176000000000000E+03    0.177000000000000E+03    0.178000000000000E+03    0.179000000000000E+03    0.180000000000000E+03    0.181000000000000E+03    0.182000000000000E+03    0.183000000000000E+03    0.184000000000000E+03    0.185000000000000E+03    0.186000000000000E+03    0.187000000000000E+03    0.188000000000000E+03    0.189000000000000E+03    0.190000000000000E+03    0.191000000000000E+03    0.192000000000000E+03    0.193000000000000E+03    0.194000000000000E+03    0.195000000000000E+03    0.196000000000000E+03    0.197000000000000E+03    0.198000000000000E+03    0.199000000000000E+03    0.200000000000000E+03    0.201000000000000E+03    0.202000000000000E+03    0.203000000000000E+03    0.204000000000000E+03    0.205000000000000E+03    0.206000000000000E+03    0.207000000000000E+03    0.208000000000000E+03    0.209000000000000E+03    0.210000000000000E+03    0.211000000000000E+03    0.212000000000000E+03    0.213000000000000E+03    0.214000000000000E+03    0.215000000000000E+03    0.216000000000000E+03    0.217000000000000E+03    0.218000000000000E+03    0.219000000000000E+03    0.220000000000000E+03    0.221000000000000E+03    0.222000000000000E+03    0.223000000000000E+03    0.224000000000000E+03    0.225000000000000E+03    0.226000000000000E+03    0.227000000000000E+03    0.228000000000000E+03    0.229000000000000E+03

Массив значений
 0.167531335107824E+00    0.268537561557395E+01    0.636310692097558E-01   -0.493718159702264E+00   -0.149986593508526E+01   -0.153312981172514E+01   -0.140725617813067E+01    0.203591893159131E+01    0.216802589255622E+01    0.920907724543769E-01    0.304127330136435E+01    0.593210739483047E+00    0.137206301390485E+00   -0.833336017970082E+00   -0.136067849588028E+01    0.107890561448861E+01    0.128731560946152E+01    0.246729411512117E+01    0.220070721735658E+00    0.243344377657267E+01    0.879741545271215E+00    0.148335183194063E+01    0.187084439749496E+01    0.365774576744438E+00   -0.256835087174521E-01    0.159445488775635E+01    0.969899396998112E+00    0.319920729310556E+00    0.147082258069977E+01    0.329448375424786E+01    0.344181650045274E+01    0.238078560751927E+01    0.171677935858473E+01    0.140401060328036E+01    0.397023109471195E+01    0.161977666891741E+01    0.241684210225606E+01    0.846710122679877E+00    0.163087403968943E+01    0.279643159492763E+01    0.127804343103510E+01    0.263254978986692E+01    0.268448694650292E+01    0.112671254216976E+01    0.423989875290540E+01    0.137393442522723E+01    0.112311926970515E+01    0.197138121257402E+01    0.259799543532804E+01    0.389218388282166E+01    0.337223638485033E+01    0.508033198410187E+01    0.399648480714570E+01    0.701006513733717E+00    0.430600626725232E+00    0.264899678922936E+01    0.266353995120762E+01    0.228737158672656E+01    0.417549844721016E+01    0.244948558001917E+01    0.369445332281108E+01    0.406695918548870E+01    0.197743185717782E+01    0.325411308949875E+01    0.186231534522498E+01    0.135770348909509E+01    0.330588571374986E+01    0.313771386373259E+01    0.165266643612695E+01    0.491326091475573E+01    0.366176802323241E+01    0.389215766100288E+01    0.309687397008502E+01    0.275638125308836E+01    0.248388347309584E+01    0.224172489085292E+01    0.209873260940521E+01    0.446564684378725E+01    0.553139656714202E+01    0.381619777892405E+01    0.641412113505375E+01    0.550511384449501E+01    0.607985571797919E+01    0.420782752645159E+01    0.195593454727215E+01    0.185714254013852E+01    0.404185711171945E+01    0.372993406542486E+01    0.552196603443302E+01    0.639380831568455E+01    0.457781700770601E+01    0.798907139528016E+01    0.631819295932749E+01    0.389238364069066E+01    0.285214063417366E+01    0.438492449510752E+01    0.324360888749978E+01    0.434217533357403E+01    0.333194765998383E+01    0.504676236129018E+01    0.648700702469562E+01    0.610301136171904E+01    0.587719293825146E+01    0.431903840815097E+01    0.420936017673456E+01    0.457925222505096E+01    0.286323176366561E+01    0.489420433229470E+01    0.579861632212568E+01    0.431152517305165E+01    0.744319801910270E+01    0.674367950245251E+01    0.674529343714024E+01    0.698445484309046E+01    0.395849017156354E+01    0.370265550716820E+01    0.504893204508423E+01    0.518327230681587E+01    0.596318887199022E+01    0.605068962905461E+01    0.656851447756168E+01    0.920065471079658E+01    0.786904044055098E+01    0.627323571941720E+01    0.583275805381152E+01    0.555430658253336E+01    0.545702732115262E+01    0.589809450393604E+01    0.484896446167551E+01    0.730210123562221E+01    0.688291152511564E+01    0.823983006567020E+01    0.845683170597264E+01    0.737277169884568E+01    0.684397379408207E+01    0.448587650343195E+01    0.624142475124229E+01    0.543579690602054E+01    0.810181555994606E+01    0.745875856902115E+01    0.738144378550230E+01    0.751236621487114E+01    0.733949263275908E+01    0.731415861681970E+01    0.838257458938614E+01    0.716167177642802E+01    0.766045339981006E+01    0.539270817248600E+01    0.767569974785317E+01    0.752986691806276E+01    0.927977784905361E+01    0.839260349758105E+01    0.549911922942369E+01    0.508844025319767E+01    0.906253574739700E+01    0.604784729942942E+01    0.742898173177638E+01    0.687979604007368E+01    0.870507766787496E+01    0.745284515199671E+01    0.106671311089769E+02    0.828320867322496E+01    0.771660934488698E+01    0.616271753733924E+01    0.833237426928810E+01    0.543272200324925E+01    0.803678939483252E+01    0.770453961124626E+01    0.818306215808015E+01    0.105372608953256E+02    0.908699832341340E+01    0.955373716634521E+01    0.908493526776973E+01    0.927394451922989E+01    0.717357353814168E+01    0.595975041972465E+01    0.905175008006813E+01    0.794501986617463E+01    0.766694878911892E+01    0.936449130340032E+01    0.918994130161374E+01    0.806138743221718E+01    0.103600498426692E+02    0.779763743702227E+01    0.842862290781117E+01    0.848741332442659E+01    0.924680787414180E+01    0.950177020623815E+01    0.101813753829994E+02    0.921648504590204E+01    0.113626061628708E+02    0.101041602218359E+02    0.903149415106747E+01    0.775979908813733E+01    0.832537102060136E+01    0.822624444642726E+01    0.119165077824957E+02    0.103844507538639E+02    0.940040246742672E+01    0.102753783921471E+02    0.119115066993005E+02    0.107162827453789E+02    0.110404276945409E+02    0.100067497836478E+02    0.935369700388372E+01    0.937902868416795E+01    0.113251923586304E+02    0.105449442070669E+02    0.111742531413410E+02    0.128985734173387E+02    0.120322942089324E+02    0.100208188545067E+02    0.994554857660770E+01    0.108848093560713E+02    0.123028869035928E+02    0.105242595303411E+02    0.107728001190536E+02    0.118186327720744E+02    0.128375346322933E+02    0.126057686495904E+02    0.116935712766252E+02    0.117991250608804E+02    0.129451238173351E+02    0.100677640105717E+02    0.115701881086014E+02    0.105730119451535E+02    0.113780745783780E+02    0.118257441814245E+02    0.116135713866476E+02    0.134292446655801E+02

