Размер выборки
230

Шаг выборки
 0.100000000000000E+01

Массив времени
 0.000000000000000E+00    0.100000000000000E+01    0.200000000000000E+01    0.300000000000000E+01    0.400000000000000E+01    0.500000000000000E+01    0.600000000000000E+01    0.700000000000000E+01    0.800000000000000E+01    0.900000000000000E+01    0.100000000000000E+02    0.110000000000000E+02    0.120000000000000E+02    0.130000000000000E+02    0.140000000000000E+02    0.150000000000000E+02    0.160000000000000E+02    0.170000000000000E+02    0.180000000000000E+02    0.190000000000000E+02    0.200000000000000E+02    0.210000000000000E+02    0.220000000000000E+02    0.230000000000000E+02    0.240000000000000E+02    0.250000000000000E+02    0.260000000000000E+02    0.270000000000000E+02    0.280000000000000E+02    0.290000000000000E+02    0.300000000000000E+02    0.310000000000000E+02    0.320000000000000E+02    0.330000000000000E+02    0.340000000000000E+02    0.350000000000000E+02    0.360000000000000E+02    0.370000000000000E+02    0.380000000000000E+02    0.390000000000000E+02    0.400000000000000E+02    0.410000000000000E+02    0.420000000000000E+02    0.430000000000000E+02    0.440000000000000E+02    0.450000000000000E+02    0.460000000000000E+02    0.470000000000000E+02    0.480000000000000E+02    0.490000000000000E+02    0.500000000000000E+02    0.510000000000000E+02    0.520000000000000E+02    0.530000000000000E+02    0.540000000000000E+02    0.550000000000000E+02    0.560000000000000E+02    0.570000000000000E+02    0.580000000000000E+02    0.590000000000000E+02    0.600000000000000E+02    0.610000000000000E+02    0.620000000000000E+02    0.630000000000000E+02    0.640000000000000E+02    0.650000000000000E+02    0.660000000000000E+02    0.670000000000000E+02    0.680000000000000E+02    0.690000000000000E+02    0.700000000000000E+02    0.710000000000000E+02    0.720000000000000E+02    0.730000000000000E+02    0.740000000000000E+02    0.750000000000000E+02    0.760000000000000E+02    0.770000000000000E+02    0.780000000000000E+02    0.790000000000000E+02    0.800000000000000E+02    0.810000000000000E+02    0.820000000000000E+02    0.830000000000000E+02    0.840000000000000E+02    0.850000000000000E+02    0.860000000000000E+02    0.870000000000000E+02    0.880000000000000E+02    0.890000000000000E+02    0.900000000000000E+02    0.910000000000000E+02    0.920000000000000E+02    0.930000000000000E+02    0.940000000000000E+02    0.950000000000000E+02    0.960000000000000E+02    0.970000000000000E+02    0.980000000000000E+02    0.990000000000000E+02    0.100000000000000E+03    0.101000000000000E+03    0.102000000000000E+03    0.103000000000000E+03    0.104000000000000E+03    0.105000000000000E+03    0.106000000000000E+03    0.107000000000000E+03    0.108000000000000E+03    0.109000000000000E+03    0.110000000000000E+03    0.111000000000000E+03    0.112000000000000E+03    0.113000000000000E+03    0.114000000000000E+03    0.115000000000000E+03    0.116000000000000E+03    0.117000000000000E+03    0.118000000000000E+03    0.119000000000000E+03    0.120000000000000E+03    0.121000000000000E+03    0.122000000000000E+03    0.123000000000000E+03    0.124000000000000E+03    0.125000000000000E+03    0.126000000000000E+03    0.127000000000000E+03    0.128000000000000E+03    0.129000000000000E+03    0.130000000000000E+03    0.131000000000000E+03    0.132000000000000E+03    0.133000000000000E+03    0.134000000000000E+03    0.135000000000000E+03    0.136000000000000E+03    0.137000000000000E+03    0.138000000000000E+03    0.139000000000000E+03    0.140000000000000E+03    0.141000000000000E+03    0.142000000000000E+03    0.143000000000000E+03    0.144000000000000E+03    0.145000000000000E+03    0.146000000000000E+03    0.147000000000000E+03    0.148000000000000E+03    0.149000000000000E+03    0.150000000000000E+03    0.151000000000000E+03    0.152000000000000E+03    0.153000000000000E+03    0.154000000000000E+03    0.155000000000000E+03    0.156000000000000E+03    0.157000000000000E+03    0.158000000000000E+03    0.159000000000000E+03    0.160000000000000E+03    0.161000000000000E+03    0.162000000000000E+03    0.163000000000000E+03    0.164000000000000E+03    0.165000000000000E+03    0.166000000000000E+03    0.167000000000000E+03    0.168000000000000E+03    0.169000000000000E+03    0.170000000000000E+03    0.171000000000000E+03    0.172000000000000E+03    0.173000000000000E+03    0.174000000000000E+03    0.175000000000000E+03    0.176000000000000E+03    0.177000000000000E+03    0.178000000000000E+03    0.179000000000000E+03    0.180000000000000E+03    0.181000000000000E+03    0.182000000000000E+03    0.183000000000000E+03    0.184000000000000E+03    0.185000000000000E+03    0.186000000000000E+03    0.187000000000000E+03    0.188000000000000E+03    0.189000000000000E+03    0.190000000000000E+03    0.191000000000000E+03    0.192000000000000E+03    0.193000000000000E+03    0.194000000000000E+03    0.195000000000000E+03    0.196000000000000E+03    0.197000000000000E+03    0.198000000000000E+03    0.199000000000000E+03    0.200000000000000E+03    0.201000000000000E+03    0.202000000000000E+03    0.203000000000000E+03    0.204000000000000E+03    0.205000000000000E+03    0.206000000000000E+03    0.207000000000000E+03    0.208000000000000E+03    0.209000000000000E+03    0.210000000000000E+03    0.211000000000000E+03    0.212000000000000E+03    0.213000000000000E+03    0.214000000000000E+03    0.215000000000000E+03    0.216000000000000E+03    0.217000000000000E+03    0.218000000000000E+03    0.219000000000000E+03    0.220000000000000E+03    0.221000000000000E+03    0.222000000000000E+03    0.223000000000000E+03    0.224000000000000E+03    0.225000000000000E+03    0.226000000000000E+03    0.227000000000000E+03    0.228000000000000E+03    0.229000000000000E+03

Массив значений
-0.860398022152599E+00    0.506097595087863E+00    0.212103545376467E+00   -0.117806986183279E+00   -0.144857002630293E+01    0.902798912335727E+00   -0.121841245514395E+01    0.570745885494453E+00    0.150856937362691E+01    0.221844235938752E+01   -0.130344213517670E+01   -0.901201505267825E-01    0.353742181778826E+00   -0.318168947215467E+00   -0.256817258704915E+00   -0.117453825996290E+00   -0.150493528381485E+01    0.121269268584976E+00    0.778173710862039E+00    0.230023242421544E+00    0.786269807790271E+00   -0.454524208513938E+00   -0.472762654100666E+00   -0.842811449738380E+00   -0.505639315940199E+00    0.322559464280738E+00   -0.298595227872297E+01    0.426211194964894E-01    0.198129885161381E+01    0.256210946417893E+00    0.113349447176284E+01    0.752455769750890E+00    0.415808029752340E-01   -0.129271502132405E+01   -0.115100553376509E+01   -0.406434052878163E+01   -0.783592519482523E+00   -0.448435947204505E+00    0.822177891168791E+00    0.247408532866518E+01    0.243628102805899E+00    0.195120089181043E+01    0.130436731722795E+01   -0.928138478582893E+00   -0.120483542573509E+01   -0.237240075416157E+01   -0.798053165867649E+00    0.476745893622554E+00   -0.174489922095491E+01    0.791674138979809E+00    0.131299317563072E+01    0.139819153397245E+01   -0.838229421299316E+00    0.176671057353836E+01    0.252376419822039E+00   -0.295482327798543E+01    0.105847172040488E+00   -0.115333126926554E+01    0.458598007902534E+00    0.582132464949005E+00   -0.221120772987847E+00    0.136299402189480E+01    0.419154250062249E+00   -0.836039830749748E+00   -0.272109813008591E+01   -0.518802783472982E-01   -0.101241363698923E+01    0.694549498687143E+00    0.150145799201860E+01   -0.437925928607079E-01    0.146054301424950E+01    0.273409707556292E+01    0.589736176805290E+00    0.132068070109463E-01    0.687008048018281E+00   -0.238417346159904E+00   -0.207975177001690E+01    0.633389318020197E+00   -0.268393523767255E+00    0.159341680704143E+00    0.406680530027951E+00    0.814237965194630E+00    0.139019142129151E+01    0.530687299583296E+00    0.517128244590535E+00   -0.841227240646465E+00   -0.464312044286214E+00   -0.185675055581009E+01   -0.314856792418631E+00    0.184047615319362E+01    0.625339312986180E-01    0.642740355181769E+00    0.324419782952231E+01   -0.878577132876673E+00   -0.500571452204948E+00    0.830168144673332E+00   -0.207844099146003E+01   -0.172817061641301E+01    0.150105527033056E+01    0.169328726674190E+01    0.162380941482427E+01    0.128092336623228E+01    0.964268673918137E+00    0.138989548243865E+01   -0.896021991775373E+00   -0.194576347584094E+01   -0.838860896594983E+00   -0.170322904690689E+01   -0.690753406332965E-01    0.151042538143379E+01   -0.105476548306577E+00    0.242137990973965E+01   -0.649844833940400E+00    0.108745866269194E+00   -0.233241356698671E+01   -0.396734606617341E+01    0.276598159212700E+00    0.504430404111854E+00   -0.660517662202444E+00   -0.516996765187230E+00    0.809507427617380E-01   -0.284275764316998E+00    0.585919117499496E+00   -0.237961137659255E+00   -0.697831054961358E+00   -0.221368133106799E+01   -0.390024938187032E-01   -0.294084275603168E+00    0.133449737818234E+01    0.249496640652734E+01    0.180094219251177E+01    0.330216202318792E+01   -0.563476389106251E+00    0.292583695168717E+00   -0.222110065269813E+00    0.425623667330923E+00   -0.215552250342660E+00   -0.507477968585389E+00   -0.119933586167444E+01    0.206379532649170E+00    0.161740150879327E+01    0.823140917796654E+00   -0.107916542347026E+01    0.268932783067641E+00   -0.611979719822635E+00   -0.365453072516808E+00   -0.512505113675616E+00   -0.305668459264163E+00   -0.439421374308449E+00    0.889505920868658E+00    0.111994095369339E+01    0.658507532179747E+00   -0.101261858059580E+01   -0.234994460937711E+00   -0.146376603431674E+00   -0.125204640480853E+01   -0.482266406481790E+00    0.867896666991949E+00    0.273934167455952E+00   -0.821989159741685E-01    0.190121712415285E+01    0.129392642233064E+01    0.136835216488648E+01   -0.142829399476936E+01   -0.184735679717369E+01   -0.182328643704839E+01   -0.159276773539798E+01   -0.669269420645374E+00    0.152367050115250E+01   -0.668122349996726E+00    0.164735364020421E+01    0.498325708679708E+00   -0.481617015727185E+00   -0.903430961877057E+00    0.546342511040407E-01   -0.135567332363815E+01    0.456506664509842E+00    0.871890445624118E+00   -0.826643081661391E+00    0.106703761756116E+01    0.769844307476397E+00    0.125473617206050E+01    0.115619812480430E+01   -0.820063049884336E+00   -0.169898141226551E+01   -0.864283202298822E+00   -0.338085001081472E+00   -0.906693777921777E+00   -0.432028763425881E+00    0.667300710431698E+00    0.252526893167221E+01    0.127480367489208E+01    0.702055398729188E+00   -0.101655004536280E+00   -0.151805844233853E+01   -0.669814791501349E+00    0.766824669387445E+00   -0.134231940930339E+01   -0.168396006478048E+01   -0.473856780462203E+00    0.135055260753278E+01   -0.144930704368259E+01    0.362249846339278E+00    0.169855820513286E+00   -0.138064874660809E+01   -0.236473820980291E+01   -0.110351468680387E+01   -0.530668980846807E+00    0.849315879972938E+00    0.174680099177659E+01    0.199551922189736E+01    0.230899697855869E+01    0.441899087378752E+00    0.376191291991590E+00   -0.726275936419505E+00   -0.191958252529757E+00    0.443699557859304E+00   -0.449258682396508E+00   -0.135598210291697E+01    0.137642573244195E+00    0.190310261476052E+01    0.112560583795400E+01    0.755192984538125E+00   -0.151731886467970E+01    0.790615145147305E+00   -0.294659198663315E+01   -0.116121911822346E+01   -0.920314588290859E+00    0.867120158016535E+00    0.661400102703434E+00

