Размер выборки
230

Шаг выборки
 0.100000000000000E+01

Массив времени
 0.000000000000000E+00    0.100000000000000E+01    0.200000000000000E+01    0.300000000000000E+01    0.400000000000000E+01    0.500000000000000E+01    0.600000000000000E+01    0.700000000000000E+01    0.800000000000000E+01    0.900000000000000E+01    0.100000000000000E+02    0.110000000000000E+02    0.120000000000000E+02    0.130000000000000E+02    0.140000000000000E+02    0.150000000000000E+02    0.160000000000000E+02    0.170000000000000E+02    0.180000000000000E+02    0.190000000000000E+02    0.200000000000000E+02    0.210000000000000E+02    0.220000000000000E+02    0.230000000000000E+02    0.240000000000000E+02    0.250000000000000E+02    0.260000000000000E+02    0.270000000000000E+02    0.280000000000000E+02    0.290000000000000E+02    0.300000000000000E+02    0.310000000000000E+02    0.320000000000000E+02    0.330000000000000E+02    0.340000000000000E+02    0.350000000000000E+02    0.360000000000000E+02    0.370000000000000E+02    0.380000000000000E+02    0.390000000000000E+02    0.400000000000000E+02    0.410000000000000E+02    0.420000000000000E+02    0.430000000000000E+02    0.440000000000000E+02    0.450000000000000E+02    0.460000000000000E+02    0.470000000000000E+02    0.480000000000000E+02    0.490000000000000E+02    0.500000000000000E+02    0.510000000000000E+02    0.520000000000000E+02    0.530000000000000E+02    0.540000000000000E+02    0.550000000000000E+02    0.560000000000000E+02    0.570000000000000E+02    0.580000000000000E+02    0.590000000000000E+02    0.600000000000000E+02    0.610000000000000E+02    0.620000000000000E+02    0.630000000000000E+02    0.640000000000000E+02    0.650000000000000E+02    0.660000000000000E+02    0.670000000000000E+02    0.680000000000000E+02    0.690000000000000E+02    0.700000000000000E+02    0.710000000000000E+02    0.720000000000000E+02    0.730000000000000E+02    0.740000000000000E+02    0.750000000000000E+02    0.760000000000000E+02    0.770000000000000E+02    0.780000000000000E+02    0.790000000000000E+02    0.800000000000000E+02    0.810000000000000E+02    0.820000000000000E+02    0.830000000000000E+02    0.840000000000000E+02    0.850000000000000E+02    0.860000000000000E+02    0.870000000000000E+02    0.880000000000000E+02    0.890000000000000E+02    0.900000000000000E+02    0.910000000000000E+02    0.920000000000000E+02    0.930000000000000E+02    0.940000000000000E+02    0.950000000000000E+02    0.960000000000000E+02    0.970000000000000E+02    0.980000000000000E+02    0.990000000000000E+02    0.100000000000000E+03    0.101000000000000E+03    0.102000000000000E+03    0.103000000000000E+03    0.104000000000000E+03    0.105000000000000E+03    0.106000000000000E+03    0.107000000000000E+03    0.108000000000000E+03    0.109000000000000E+03    0.110000000000000E+03    0.111000000000000E+03    0.112000000000000E+03    0.113000000000000E+03    0.114000000000000E+03    0.115000000000000E+03    0.116000000000000E+03    0.117000000000000E+03    0.118000000000000E+03    0.119000000000000E+03    0.120000000000000E+03    0.121000000000000E+03    0.122000000000000E+03    0.123000000000000E+03    0.124000000000000E+03    0.125000000000000E+03    0.126000000000000E+03    0.127000000000000E+03    0.128000000000000E+03    0.129000000000000E+03    0.130000000000000E+03    0.131000000000000E+03    0.132000000000000E+03    0.133000000000000E+03    0.134000000000000E+03    0.135000000000000E+03    0.136000000000000E+03    0.137000000000000E+03    0.138000000000000E+03    0.139000000000000E+03    0.140000000000000E+03    0.141000000000000E+03    0.142000000000000E+03    0.143000000000000E+03    0.144000000000000E+03    0.145000000000000E+03    0.146000000000000E+03    0.147000000000000E+03    0.148000000000000E+03    0.149000000000000E+03    0.150000000000000E+03    0.151000000000000E+03    0.152000000000000E+03    0.153000000000000E+03    0.154000000000000E+03    0.155000000000000E+03    0.156000000000000E+03    0.157000000000000E+03    0.158000000000000E+03    0.159000000000000E+03    0.160000000000000E+03    0.161000000000000E+03    0.162000000000000E+03    0.163000000000000E+03    0.164000000000000E+03    0.165000000000000E+03    0.166000000000000E+03    0.167000000000000E+03    0.168000000000000E+03    0.169000000000000E+03    0.170000000000000E+03    0.171000000000000E+03    0.172000000000000E+03    0.173000000000000E+03    0.174000000000000E+03    0.175000000000000E+03    0.176000000000000E+03    0.177000000000000E+03    0.178000000000000E+03    0.179000000000000E+03    0.180000000000000E+03    0.181000000000000E+03    0.182000000000000E+03    0.183000000000000E+03    0.184000000000000E+03    0.185000000000000E+03    0.186000000000000E+03    0.187000000000000E+03    0.188000000000000E+03    0.189000000000000E+03    0.190000000000000E+03    0.191000000000000E+03    0.192000000000000E+03    0.193000000000000E+03    0.194000000000000E+03    0.195000000000000E+03    0.196000000000000E+03    0.197000000000000E+03    0.198000000000000E+03    0.199000000000000E+03    0.200000000000000E+03    0.201000000000000E+03    0.202000000000000E+03    0.203000000000000E+03    0.204000000000000E+03    0.205000000000000E+03    0.206000000000000E+03    0.207000000000000E+03    0.208000000000000E+03    0.209000000000000E+03    0.210000000000000E+03    0.211000000000000E+03    0.212000000000000E+03    0.213000000000000E+03    0.214000000000000E+03    0.215000000000000E+03    0.216000000000000E+03    0.217000000000000E+03    0.218000000000000E+03    0.219000000000000E+03    0.220000000000000E+03    0.221000000000000E+03    0.222000000000000E+03    0.223000000000000E+03    0.224000000000000E+03    0.225000000000000E+03    0.226000000000000E+03    0.227000000000000E+03    0.228000000000000E+03    0.229000000000000E+03

Массив значений
 0.897103425683192E+00    0.178373848031035E+00    0.863663265459657E+00   -0.108765348763702E+01   -0.145673081043533E+01   -0.129847180522519E+01   -0.800121436842314E+00   -0.262570027949765E+00    0.223748981020457E+01    0.279008763459182E+01    0.790498194355427E-01    0.256222182159861E+00    0.367967365425268E+00    0.238709069493763E+00   -0.203522734056621E+01   -0.137382785518460E+01   -0.182159656634725E+00   -0.961561916214418E+00    0.686895999186095E-01   -0.716736661751058E+00    0.102222405707014E+01    0.257849285148730E+00    0.381530237421182E-01    0.116961373565970E+01   -0.974717450685203E-02   -0.228834950425083E+00   -0.902448995330818E+00   -0.247674012106789E+01    0.310106235382051E+00   -0.192865675584663E+00    0.170496092142550E+01    0.519635955044418E+00    0.239202232731798E+01   -0.379996464091349E+00   -0.629460619254260E+00    0.108493557673906E+00    0.356077478726955E+00   -0.187232468854649E+01    0.325083982807169E+00    0.153521907136615E+01    0.331389557919251E+01    0.119163581027902E+00    0.483167689211843E+00   -0.753271155023753E+00   -0.172402504881856E+01   -0.480931119839911E+00    0.479324328713348E+00    0.172036301030021E+00    0.125159854106059E+01   -0.899731962489269E+00    0.501832984666506E-01    0.202779543110918E+01    0.149785650244861E+01   -0.785252519457411E+00    0.697851160179930E+00   -0.101778466777941E+01   -0.442859025656333E+00   -0.106582858836971E+01    0.520234534474794E+00    0.833545419529589E+00   -0.148519832116691E+00    0.767643105233774E+00   -0.113193148232642E+01   -0.154882152013217E+01    0.183208334968227E+00    0.112497313338874E+01   -0.119412359373188E+01    0.117054412296888E+00    0.861941631893046E-01    0.905106041001489E+00    0.136188793799858E+01   -0.213521256142498E+00   -0.109326234635964E+01    0.760208119982592E+00   -0.224443556098313E+00   -0.389436588394494E-01    0.896150572121419E-01   -0.175725332665421E+01   -0.641326383749711E+00    0.141659611639618E+01    0.221682956806208E+01    0.870191810806936E+00    0.775251874675664E+00    0.108481256617935E+00   -0.344903006124416E+01   -0.404021290887029E+00   -0.254666562549238E+00   -0.793406755782023E+00   -0.155079060602848E+00    0.131329925790943E+01   -0.108335818496942E+01    0.617674628654972E+00   -0.379346278430072E+00   -0.446943187678150E+00   -0.668147875045142E+00   -0.449364702220205E+00   -0.182448231425361E+01   -0.163375965415839E+01   -0.454030867286851E+00    0.169105606696115E+01    0.858370769786632E+00    0.250876689108408E+01    0.455841794250556E+00   -0.773276649283213E+00   -0.195244428874449E+01   -0.553257569917983E+00   -0.155029142095761E+01   -0.117574087427519E+00    0.408578787305661E+00   -0.757405432931225E+00    0.247870613649923E+01    0.821885213510146E+00    0.879645861923770E+00   -0.124299974769687E+00   -0.126391844201762E+01    0.104765507773216E+01   -0.311191326181000E+01   -0.159691348252019E+01   -0.213119936828837E+00    0.446331943045806E-01    0.101599152067987E+01    0.376615827208479E+00    0.967757429740502E+00    0.142974609361856E+01   -0.117768655575785E+01   -0.760639526124836E+00    0.688402681838458E+00   -0.272716398017517E+01    0.896090071400219E+00    0.993576021418791E+00    0.215089160407779E+00    0.502384037946511E+00    0.231693501786408E+01    0.281612199904491E+00   -0.953814827526867E+00   -0.388498905431372E+00   -0.168229758540807E+01    0.483262178443713E+00    0.139039522554060E+01    0.453115596942972E+00    0.232457490478333E+01    0.156426759511203E+01   -0.564505565539155E+00   -0.114778087607210E+01   -0.228072391970032E+01   -0.108469204906352E+01   -0.192615795832694E+01   -0.163500584355436E+01    0.452726317869696E+00    0.124747433562101E+01    0.168614661630961E+01    0.110728554635424E+00   -0.411318998807802E+00   -0.484939261662031E+00   -0.169042139208488E+01   -0.677993964259979E+00   -0.956982587696739E+00   -0.268056154310180E+01    0.105678721221258E+01    0.219843080915140E+00    0.992614190090507E+00    0.108188084865693E+01    0.858482180127661E+00    0.253953665947998E+01   -0.500879765749848E+00    0.347121570081637E+00   -0.664886504749789E+00   -0.142839269360120E+01    0.351253477124276E+00    0.131475108905565E-01   -0.224118616298483E+00   -0.261035455271141E-01   -0.127334145937621E+01   -0.683103803984197E+00   -0.189326985962619E+00   -0.396705924914954E+00   -0.151587975485876E+01   -0.531416409925725E+00    0.175850515583054E+00    0.762315828177742E+00    0.125200975039897E+00    0.229844159668586E+00    0.552881613641111E+00   -0.733657188722397E+00    0.103322945771661E+01   -0.186431415524983E+01    0.838390213160540E-01   -0.516761111404348E+00   -0.100514463901556E+00    0.198407299037721E+01    0.838772194009856E+00    0.316581079473744E+00    0.100235536169177E+01   -0.135005580688408E+01    0.286748290755156E+00   -0.399999854486339E+00   -0.475609024920423E+00    0.267928448432281E+00    0.139612978464630E+01    0.385155606454660E+00    0.198199291044399E+01    0.156111508366862E+00    0.481050884718565E+00   -0.265819152664848E+01   -0.128546096368324E+01    0.400020135398336E-01   -0.104746552175211E+01    0.693012548063301E+00    0.939769642932236E+00    0.278030991780987E+00    0.292587858248766E+00    0.430009750001489E+00    0.142009660382347E+01    0.122714566634792E+01   -0.905508864753971E+00   -0.840140232686721E-01   -0.153913576250910E+01    0.141906083164029E+01   -0.132997308584291E+01   -0.660542925737436E+00    0.143806486034456E+01    0.220759404546359E+01    0.495821808216752E+00    0.571908498902692E+00   -0.806428786442359E+00    0.222856303728044E+01   -0.122765270535871E+01   -0.155138136918439E+01    0.182112215320842E-01   -0.448930736321195E+00

Уровень значимости
 0.100000000000000E-01

Порог обнаружения сигнала
 0.556597563089739E-01

Массив частот периодограммы
 0.000000000000000E+00    0.195312500000000E-02    0.390625000000000E-02    0.585937500000000E-02    0.781250000000000E-02    0.976562500000000E-02    0.117187500000000E-01    0.136718750000000E-01    0.156250000000000E-01    0.175781250000000E-01    0.195312500000000E-01    0.214843750000000E-01    0.234375000000000E-01    0.253906250000000E-01    0.273437500000000E-01    0.292968750000000E-01    0.312500000000000E-01    0.332031250000000E-01    0.351562500000000E-01    0.371093750000000E-01    0.390625000000000E-01    0.410156250000000E-01    0.429687500000000E-01    0.449218750000000E-01    0.468750000000000E-01    0.488281250000000E-01    0.507812500000000E-01    0.527343750000000E-01    0.546875000000000E-01    0.566406250000000E-01    0.585937500000000E-01    0.605468750000000E-01    0.625000000000000E-01    0.644531250000000E-01    0.664062500000000E-01    0.683593750000000E-01    0.703125000000000E-01    0.722656250000000E-01    0.742187500000000E-01    0.761718750000000E-01    0.781250000000000E-01    0.800781250000000E-01    0.820312500000000E-01    0.839843750000000E-01    0.859375000000000E-01    0.878906250000000E-01    0.898437500000000E-01    0.917968750000000E-01    0.937500000000000E-01    0.957031250000000E-01    0.976562500000000E-01    0.996093750000000E-01    0.101562500000000E+00    0.103515625000000E+00    0.105468750000000E+00    0.107421875000000E+00    0.109375000000000E+00    0.111328125000000E+00    0.113281250000000E+00    0.115234375000000E+00    0.117187500000000E+00    0.119140625000000E+00    0.121093750000000E+00    0.123046875000000E+00    0.125000000000000E+00    0.126953125000000E+00    0.128906250000000E+00    0.130859375000000E+00    0.132812500000000E+00    0.134765625000000E+00    0.136718750000000E+00    0.138671875000000E+00    0.140625000000000E+00    0.142578125000000E+00    0.144531250000000E+00    0.146484375000000E+00    0.148437500000000E+00    0.150390625000000E+00    0.152343750000000E+00    0.154296875000000E+00    0.156250000000000E+00    0.158203125000000E+00    0.160156250000000E+00    0.162109375000000E+00    0.164062500000000E+00    0.166015625000000E+00    0.167968750000000E+00    0.169921875000000E+00    0.171875000000000E+00    0.173828125000000E+00    0.175781250000000E+00    0.177734375000000E+00    0.179687500000000E+00    0.181640625000000E+00    0.183593750000000E+00    0.185546875000000E+00    0.187500000000000E+00    0.189453125000000E+00    0.191406250000000E+00    0.193359375000000E+00    0.195312500000000E+00    0.197265625000000E+00    0.199218750000000E+00    0.201171875000000E+00    0.203125000000000E+00    0.205078125000000E+00    0.207031250000000E+00    0.208984375000000E+00    0.210937500000000E+00    0.212890625000000E+00    0.214843750000000E+00    0.216796875000000E+00    0.218750000000000E+00    0.220703125000000E+00    0.222656250000000E+00    0.224609375000000E+00    0.226562500000000E+00    0.228515625000000E+00    0.230468750000000E+00    0.232421875000000E+00    0.234375000000000E+00    0.236328125000000E+00    0.238281250000000E+00    0.240234375000000E+00    0.242187500000000E+00    0.244140625000000E+00    0.246093750000000E+00    0.248046875000000E+00    0.250000000000000E+00    0.251953125000000E+00    0.253906250000000E+00    0.255859375000000E+00    0.257812500000000E+00    0.259765625000000E+00    0.261718750000000E+00    0.263671875000000E+00    0.265625000000000E+00    0.267578125000000E+00    0.269531250000000E+00    0.271484375000000E+00    0.273437500000000E+00    0.275390625000000E+00    0.277343750000000E+00    0.279296875000000E+00    0.281250000000000E+00    0.283203125000000E+00    0.285156250000000E+00    0.287109375000000E+00    0.289062500000000E+00    0.291015625000000E+00    0.292968750000000E+00    0.294921875000000E+00    0.296875000000000E+00    0.298828125000000E+00    0.300781250000000E+00    0.302734375000000E+00    0.304687500000000E+00    0.306640625000000E+00    0.308593750000000E+00    0.310546875000000E+00    0.312500000000000E+00    0.314453125000000E+00    0.316406250000000E+00    0.318359375000000E+00    0.320312500000000E+00    0.322265625000000E+00    0.324218750000000E+00    0.326171875000000E+00    0.328125000000000E+00    0.330078125000000E+00    0.332031250000000E+00    0.333984375000000E+00    0.335937500000000E+00    0.337890625000000E+00    0.339843750000000E+00    0.341796875000000E+00    0.343750000000000E+00    0.345703125000000E+00    0.347656250000000E+00    0.349609375000000E+00    0.351562500000000E+00    0.353515625000000E+00    0.355468750000000E+00    0.357421875000000E+00    0.359375000000000E+00    0.361328125000000E+00    0.363281250000000E+00    0.365234375000000E+00    0.367187500000000E+00    0.369140625000000E+00    0.371093750000000E+00    0.373046875000000E+00    0.375000000000000E+00    0.376953125000000E+00    0.378906250000000E+00    0.380859375000000E+00    0.382812500000000E+00    0.384765625000000E+00    0.386718750000000E+00    0.388671875000000E+00    0.390625000000000E+00    0.392578125000000E+00    0.394531250000000E+00    0.396484375000000E+00    0.398437500000000E+00    0.400390625000000E+00    0.402343750000000E+00    0.404296875000000E+00    0.406250000000000E+00    0.408203125000000E+00    0.410156250000000E+00    0.412109375000000E+00    0.414062500000000E+00    0.416015625000000E+00    0.417968750000000E+00    0.419921875000000E+00    0.421875000000000E+00    0.423828125000000E+00    0.425781250000000E+00    0.427734375000000E+00    0.429687500000000E+00    0.431640625000000E+00    0.433593750000000E+00    0.435546875000000E+00    0.437500000000000E+00    0.439453125000000E+00    0.441406250000000E+00    0.443359375000000E+00    0.445312500000000E+00    0.447265625000000E+00    0.449218750000000E+00    0.451171875000000E+00    0.453125000000000E+00    0.455078125000000E+00    0.457031250000000E+00    0.458984375000000E+00    0.460937500000000E+00    0.462890625000000E+00    0.464843750000000E+00    0.466796875000000E+00    0.468750000000000E+00    0.470703125000000E+00    0.472656250000000E+00    0.474609375000000E+00    0.476562500000000E+00    0.478515625000000E+00    0.480468750000000E+00    0.482421875000000E+00    0.484375000000000E+00    0.486328125000000E+00    0.488281250000000E+00    0.490234375000000E+00    0.492187500000000E+00    0.494140625000000E+00    0.496093750000000E+00    0.498046875000000E+00    0.500000000000000E+00

Массив значений периодограммы
 0.326639116596617E-30   -0.131979471858634E-03    0.194343779521531E-02    0.479134030205605E-03    0.583756364117803E-03    0.270706307456148E-03    0.499633464651148E-02   -0.506137805635825E-03    0.654807998629600E-03    0.342510894288561E-06   -0.563938869680497E-04   -0.304243309062791E-03    0.129193529926281E-02    0.926963693850775E-03    0.447079849631967E-03    0.407069217405293E-03    0.296610989506098E-02    0.527098987636256E-02    0.146676874379548E-02    0.768363327003697E-02    0.958537200642532E-03    0.344788332318933E-03    0.175882866856153E-03    0.760986929868697E-03    0.192329527047872E-02   -0.249138589416726E-03    0.185992470875472E-03    0.190882088374731E-02   -0.211314157000559E-03    0.814082547794155E-04    0.277989744435417E-03    0.207154092272094E-04    0.389955274915512E-03    0.554027942981413E-02   -0.250395408821363E-03    0.519462581453435E-02    0.649596942396220E-02    0.262570902125695E-02   -0.836742453739059E-05    0.569370696997876E-03    0.145990983399072E-02    0.104558192647497E-01    0.143753381781640E-02    0.770263492864515E-02    0.488677762303398E-02   -0.140124419288574E-03    0.889292775293579E-02    0.232337522536838E-02    0.623995328878252E-03    0.221105227273593E-02   -0.526212017985028E-03    0.193626259175014E+00    0.152186247791089E-01    0.147057500137652E-01    0.210872832129911E-02    0.309907331367721E-02    0.617850371841794E-03    0.972130034826293E-03    0.450241930507485E-03    0.248129445568472E-03    0.384600357012818E-03   -0.410385855426356E-03    0.147451662740599E-01    0.252654536931906E-02    0.147041742116147E-02    0.533161670825432E-02    0.317201816288570E-02    0.525113385678943E-02    0.969223486496512E-03    0.274981015727954E-02    0.374805454844825E-02    0.841501560805472E-03    0.677605504386823E-03    0.625995588272733E-02    0.553093692747458E-02   -0.405325617648988E-03    0.397394918634558E-02    0.691831619774840E-02    0.639310052147442E-03    0.624838565697451E-03    0.239618444188865E-02   -0.305998055949916E-03    0.276340044086302E-02    0.316910799304940E-02    0.139863447633303E-02    0.139725311666058E-02   -0.494966954377124E-03    0.235311647568677E-02    0.259046316330967E-02    0.678444317464300E-02    0.925151401002324E-03    0.128406848123170E-02    0.105924394596109E-02    0.529540923506668E-02    0.152346287838151E-02    0.818200243762873E-03    0.500750238090809E-04    0.913892365895475E-03    0.325869991129991E-02    0.241160947959495E-02   -0.551116821242663E-04    0.341657853477853E-03    0.209130641117158E-02    0.460142094677445E-02    0.647962030519774E-03    0.446475900598315E-02    0.916971498707634E-04    0.834308360246065E-03    0.218192358692634E-02    0.157150799173758E-02    0.715483854114879E-03   -0.656983094563148E-04    0.916559737057327E-03    0.936628745686254E-04    0.180300733524020E-02    0.141995850487776E-02    0.453008928791931E-02    0.872167152677628E-04    0.334654557210322E-03    0.789905616516469E-04    0.605558853825200E-02    0.141531356690595E-02    0.464285151912122E-02    0.110420217682272E-02    0.770888422969872E-03    0.186815237505216E-02    0.307500106355218E-03    0.963514591364139E-03    0.116784499785568E-02   -0.150586254415102E-03    0.129283195702088E-01    0.611837702292014E-03    0.245860394729420E-02    0.198471873156459E-02   -0.438644425102947E-04    0.159002671020108E-02    0.102161143322885E-01    0.286437564576599E-02    0.805334485859408E-03    0.370479373141677E-04    0.303455081364848E-02   -0.459506181526479E-03    0.201447600125853E-02    0.991686234777594E-03    0.636535461136925E-03    0.229162007885183E-02    0.167109214469248E-02    0.943171319024017E-03    0.695875211146110E-04    0.229869211402468E-02   -0.269583743763376E-03    0.127598681877044E-03    0.491701171603496E-03    0.670934872506940E-02    0.802735154303177E-02    0.368288285210827E-02    0.446396777826661E-03   -0.190164061518503E-03   -0.417085557784294E-04   -0.258857914185732E-03    0.197948820002888E-02    0.238300363535291E-02    0.185680751404100E-02    0.717651216849606E-03    0.584071372640398E-02    0.617442536141688E-02    0.578908471143486E-04    0.515656429527702E-02    0.902349087966813E-02    0.327244619750651E-02   -0.451627663441873E-03    0.633647779930535E-03    0.593974506101484E-03   -0.234676914864111E-03   -0.992110362791530E-04    0.470784047868417E-02    0.511617424285858E-03    0.190520470407058E-02   -0.461323007201695E-03    0.404835713662052E-02    0.368524154175661E-03   -0.427876638575174E-03    0.604345025802793E-02    0.501446198922303E-03    0.400054463674369E-03    0.441802569788065E-02   -0.429447323437761E-03    0.449979682252381E-03    0.252179887963218E-02    0.798069747953417E-03   -0.545886525204426E-03    0.100076782406602E-01    0.330427065554777E-02    0.232554118179637E-02    0.537283174226876E-02    0.356296434812514E-02    0.211813331061756E-02   -0.826237101698550E-03    0.487867040073195E-02    0.119134243155740E-01    0.104903441816273E-01    0.339298115320400E-02    0.815216418149372E-03    0.194461748213178E-03    0.371129378264023E-02    0.867604073984544E-02    0.829647074622436E-02    0.271302644881611E-04    0.623578891837457E-03    0.211917505032804E-03    0.675387078977665E-03    0.961170683662093E-03    0.223609352499997E-02    0.212952771154578E-02    0.866455071273376E-04    0.249123919888721E-02    0.604590071281701E-03    0.729657318979578E-03    0.463799829886603E-04    0.473544333821158E-03    0.239988740036620E-02    0.325316395730827E-02   -0.786367186274911E-03    0.634822574171285E-02    0.355703427144834E-03    0.287297000408970E-04    0.223335582969029E-03    0.542408427886026E-03    0.454982521585931E-02    0.122650542994600E-02    0.285493265481722E-03    0.754430906578216E-05    0.446824190425043E-04   -0.403839266833549E-04    0.429003992541839E-03   -0.214389497150900E-03    0.794016376244386E-02    0.137328935448625E-02    0.374015687574652E-04    0.124257031317722E-03    0.145891283060406E-03    0.563374535433346E-03   -0.144867180057103E-03    0.720889281599553E-02    0.972551725569437E-03    0.408831960582148E-03    0.684323528336838E-03    0.201839827389465E-02    0.406075863761883E-02    0.788850343234410E-02    0.254635026205334E-02    0.220537737208265E-02   -0.986986473416080E-03    0.776695832611158E-02    0.186044852332464E-02    0.195438199850967E-02    0.601475509281052E-03

Массив значений коррелограммы
 0.684351811775376E+00    0.145389356254674E+00    0.516861170688754E-01   -0.632154889441390E-01   -0.221946544956742E+00   -0.226591720789809E+00   -0.181458881471851E+00   -0.897283131779009E-01    0.965205297167264E-01    0.111959112802774E+00    0.229617297106367E+00    0.134782013666483E+00    0.822408649915439E-01   -0.168629821497464E-01   -0.180189410474734E+00   -0.174302669079707E+00   -0.128741856056724E+00   -0.128676848286380E+00    0.415780745382469E-01    0.106566021029132E+00    0.163081748082102E+00    0.155480307200428E+00    0.529500478327886E-01   -0.140349976176872E-01   -0.135506705589104E+00   -0.164351433407438E+00   -0.137779807279601E+00   -0.534860154031784E-01    0.668828032333143E-01    0.128814358054063E+00    0.208438834129566E+00    0.179656079603084E+00    0.347277460082795E-01   -0.291405703536801E-01   -0.113772130099160E+00   -0.188864003617383E+00   -0.190526597720937E+00   -0.633992226415762E-01    0.932259536096004E-02    0.141519345819623E+00    0.210084213438269E+00    0.152387285337924E+00    0.173157317491287E-01   -0.311289065319395E-01   -0.186359949873110E+00   -0.224253569184177E+00   -0.136858802001173E+00   -0.504123549150160E-01    0.554527971413581E-01    0.158779715539975E+00    0.184631325145942E+00    0.121267293677699E+00    0.349021242537614E-01   -0.645812191124813E-01   -0.160109368997942E+00   -0.183934579218454E+00   -0.118898965183643E+00   -0.411406851524554E-01    0.458419894060225E-01    0.188520329863131E+00    0.196732039082726E+00    0.145060839901213E+00    0.621889982217821E-01   -0.426290463676734E-01   -0.132686007130944E+00   -0.205660541394731E+00   -0.201261454918312E+00    0.295406984263049E-02   -0.193737785592422E-02    0.108868418499224E+00    0.196058738550368E+00    0.113014434608451E+00    0.924714004099713E-01   -0.758959765169141E-01   -0.952210504704344E-01   -0.158464372307442E+00   -0.124736728152637E+00   -0.740685152255701E-01   -0.106604602942937E-02    0.119986184919295E+00    0.214780171470782E+00    0.965625461663741E-01    0.104259595778624E+00    0.159200715058748E-03   -0.137718085134691E+00   -0.147372526135415E+00   -0.161100900814337E+00   -0.152084616112057E-01    0.180215334085649E-01    0.134994272097264E+00    0.211721167510809E+00    0.130986971422020E+00    0.581530988800158E-01   -0.137808651633204E-01   -0.133827701962848E+00   -0.170771923471431E+00   -0.237329874641361E+00   -0.417264367471552E-01    0.411955745397916E-01    0.156595740627148E+00    0.183989415605191E+00    0.125832754169766E+00    0.650884477980277E-01   -0.114163787997396E-01   -0.170678478019928E+00   -0.147688383760518E+00   -0.154756071057688E+00   -0.837602437656964E-01   -0.624385109365358E-02    0.115832936477250E+00    0.212294387623415E+00    0.133579946091687E+00    0.581354004035813E-01    0.205034750512135E-01   -0.133466481547410E+00   -0.123675581924452E+00   -0.148228179500996E+00   -0.978082076458540E-01   -0.962703724961610E-02    0.856772097853734E-01    0.138102284508255E+00    0.142688341552834E+00    0.517669243626086E-01   -0.579004816663670E-02   -0.872904285624471E-01   -0.163404868588549E+00   -0.115207573803341E+00   -0.104825712271136E+00    0.135736245398477E-01    0.639958825068205E-01    0.139790509767397E+00    0.176322624270174E+00    0.104579955671603E+00    0.934131339826282E-02   -0.813449043026386E-01   -0.182888891149111E+00   -0.212584781158470E+00   -0.879918189501366E-01   -0.259769106259332E-01    0.109667389262952E+00    0.185026597749563E+00    0.174687389849633E+00    0.937904970679213E-01   -0.810153101865822E-02   -0.122961373307690E+00   -0.200523802726269E+00   -0.137720305158574E+00   -0.735033471320806E-01   -0.640789834601441E-01    0.904200933787721E-01    0.180769769571225E+00    0.101311733722175E+00    0.107920206804323E+00   -0.755035000378029E-02   -0.472977084748182E-01   -0.117027617660025E+00   -0.139191438263933E+00   -0.124877030814840E+00    0.241987820244730E-01    0.592741617554777E-01    0.142778491270488E+00    0.163943313982961E+00    0.106059791272889E+00   -0.147766467102309E-01   -0.934628248696794E-01   -0.125066450189630E+00   -0.100020099384846E+00   -0.989534610909550E-01   -0.279848593936923E-01    0.101223018451610E+00    0.112349055264857E+00    0.135180167076849E+00    0.121378773354317E+00    0.156195777840734E-01   -0.322609233649236E-01   -0.142561579915674E+00   -0.171395467179760E+00   -0.798061180572252E-01   -0.677138236031194E-01    0.500547709887828E-01    0.179951236772598E+00    0.155422977283899E+00    0.111441786041684E+00   -0.474986329046471E-02   -0.865433015609649E-01   -0.135905789366869E+00   -0.153094473754096E+00   -0.119239003842264E+00    0.269505930048995E-01    0.117756627158070E+00    0.184043996483734E+00    0.163268036577506E+00    0.103015912813679E+00    0.363355185657966E-01   -0.121945256509288E+00   -0.192048934301943E+00   -0.178310882059128E+00   -0.120737674035047E+00   -0.213504650570744E-01    0.726520289071675E-01    0.188999158025929E+00    0.157293022268253E+00    0.133583854875724E+00   -0.191226917459594E-01   -0.676883776032590E-01   -0.149774739797641E+00   -0.171343956318001E+00   -0.167356897900011E+00   -0.391980843495492E-01    0.766182327696965E-01    0.106599572460626E+00    0.167207327097941E+00    0.132682021998207E+00    0.818296214910549E-01   -0.156656039167864E-01   -0.139460124615082E+00   -0.180049677101105E+00   -0.121372063296612E+00   -0.791901845779812E-01    0.443085596014171E-01    0.138745251825145E+00    0.168952252067737E+00    0.138228124818840E+00    0.640942552707341E-01   -0.604478470605421E-01   -0.122372017193076E+00   -0.189662687662408E+00   -0.179254737101398E+00   -0.717596198785486E-01    0.476551445426782E-01

Массив значений сглаженной периодограммы
 0.880371986406782E-02    0.884822634447551E-02    0.898006770387927E-02    0.919425753734784E-02    0.948264575715968E-02    0.983416313818256E-02    0.102351701297360E-01    0.106699144077145E-01    0.111211003003455E-01    0.115705702542078E-01    0.120000938966088E-01    0.123922541439265E-01    0.127314125126312E-01    0.130047277657027E-01    0.132031938453363E-01    0.133226553567574E-01    0.133647523662033E-01    0.133377416324040E-01    0.132571392128988E-01    0.131461301671124E-01    0.130356951520676E-01    0.129644112162470E-01    0.129778949693028E-01    0.131278702418226E-01    0.134708588315968E-01    0.140665112412717E-01    0.149756135596099E-01    0.162578258152141E-01    0.179692251607002E-01    0.201597430445952E-01    0.228705980744943E-01    0.261318346677248E-01    0.299600811058892E-01    0.343566387696442E-01    0.393060069120700E-01    0.447749344084857E-01    0.507120718738171E-01    0.570482750328018E-01    0.636975841948442E-01    0.705588762773360E-01    0.775181563574078E-01    0.844514266297421E-01    0.912280433494664E-01    0.977144482344687E-01    0.103778141153569E+00    0.109291746801516E+00    0.114137020267238E+00    0.118208635442530E+00    0.121417606263755E+00    0.123694203650182E+00    0.124990250177645E+00    0.125280699164664E+00    0.124564433831968E+00    0.122864254185718E+00    0.120226052776962E+00    0.116717213935002E+00    0.112424302894477E+00    0.107450139952578E+00    0.101910379080684E+00    0.959297291764998E-01    0.896379685610425E-01    0.831659089014354E-01    0.766414633183210E-01    0.701859652033535E-01    0.639108697456789E-01    0.579149501630316E-01    0.522820762214110E-01    0.470796350680186E-01    0.423576250801652E-01    0.381484237837720E-01    0.344672023305637E-01    0.313129328591961E-01    0.286699124581704E-01    0.265097093381944E-01    0.247934238925670E-01    0.234741499762217E-01    0.224995200723572E-01    0.218142218551057E-01    0.213623825426518E-01    0.210897306769686E-01    0.209454616828151E-01    0.208837527324026E-01    0.208648929786834E-01    0.208560160092630E-01    0.208314413480305E-01    0.207726500250013E-01    0.206679348246831E-01    0.205117781706361E-01    0.203040192783961E-01    0.200488770014838E-01    0.197538957180091E-01    0.194288788795735E-01    0.190848688765189E-01    0.187332232237651E-01    0.183848264124953E-01    0.180494648470147E-01    0.177353798589075E-01    0.174490016065986E-01    0.171948554095635E-01    0.169756223168175E-01    0.167923279272320E-01    0.166446279780324E-01    0.165311561562947E-01    0.164498989704500E-01    0.163985642031001E-01    0.163749131825444E-01    0.163770324830947E-01    0.164035272419806E-01    0.164536255671404E-01    0.165271909969180E-01    0.166246471702218E-01    0.167468253322345E-01    0.168947506660669E-01    0.170693874245595E-01    0.172713652602461E-01    0.175007099436407E-01    0.177566008538715E-01    0.180371753516880E-01    0.183393966170097E-01    0.186589970312618E-01    0.189905040335736E-01    0.193273499271039E-01    0.196620617052453E-01    0.199865219345482E-01    0.202922873599166E-01    0.205709484217308E-01    0.208145104626774E-01    0.210157761515553E-01    0.211687085867068E-01    0.212687556177371E-01    0.213131180328544E-01    0.213009472400969E-01    0.212334617239368E-01    0.211139756589804E-01    0.209478373738442E-01    0.207422796486223E-01    0.205061878831113E-01    0.202497958020911E-01    0.199843214161905E-01    0.197215583211447E-01    0.194734390271113E-01    0.192515878388576E-01    0.190668808728925E-01    0.189290301497579E-01    0.188462074177300E-01    0.188247215476455E-01    0.188687610995489E-01    0.189802111172878E-01    0.191585504719175E-01    0.194008332559598E-01    0.197017549234037E-01    0.200538011556207E-01    0.204474748765173E-01    0.208715944918635E-01    0.213136543253973E-01    0.217602363951566E-01    0.221974611373204E-01    0.226114634571983E-01    0.229888795819436E-01    0.233173296216593E-01    0.235858805310686E-01    0.237854743206902E-01    0.239093069128731E-01    0.239531439907729E-01    0.239155615593609E-01    0.237981007304836E-01    0.236053284503920E-01    0.233447984839152E-01    0.230269099118032E-01    0.226646636233494E-01    0.222733207105831E-01    0.218699701880458E-01    0.214730169505023E-01    0.211016042032054E-01    0.207749876108099E-01    0.205118809657912E-01    0.203297951359865E-01    0.202443932891228E-01    0.202688858082887E-01    0.204134878349245E-01    0.206849609702607E-01    0.210862583386685E-01    0.216162890172520E-01    0.222698138594326E-01    0.230374801222629E-01    0.239059972209704E-01    0.248584505832031E-01    0.258747451843670E-01    0.269321651498611E-01    0.280060310448222E-01    0.290704323595484E-01    0.300990094372965E-01    0.310657568440924E-01    0.319458190670993E-01    0.327162495176139E-01    0.333567051201589E-01    0.338500512466521E-01    0.341828553046821E-01    0.343457517604294E-01    0.343336665739785E-01    0.341458947166125E-01    0.337860303709608E-01    0.332617553187285E-01    0.325844966317872E-01    0.317689698498176E-01    0.308326281274390E-01    0.297950411795510E-01    0.286772301057934E-01    0.275009852470632E-01    0.262881940892175E-01    0.250602049094091E-01    0.238372494424371E-01    0.226379444621845E-01    0.214788880040515E-01    0.203743612094882E-01    0.193361416873568E-01    0.183734291039555E-01    0.174928786779181E-01    0.166987335985920E-01    0.159930433136331E-01    0.153759513166941E-01    0.148460336415598E-01    0.144006678209146E-01    0.140364116330897E-01    0.137493715261221E-01    0.135355421154986E-01    0.133911004973177E-01    0.133126421629422E-01    0.132973488765048E-01    0.133430827950843E-01    0.134484051751705E-01    0.136125220200028E-01    0.138351627913716E-01    0.141164016650458E-01    0.144564336046585E-01    0.148553196491430E-01    0.153127171732900E-01    0.158276114468645E-01    0.163980645802635E-01    0.170209969360665E-01    0.176920143722560E-01    0.184052923604036E-01    0.191535252112115E-01    0.199279454792127E-01    0.207184152584060E-01    0.215135876760324E-01    0.223011335952642E-01    0.230680254934177E-01    0.238008678201688E-01    0.244862609706503E-01    0.251111844184627E-01    0.256633836046453E-01    0.261317449037337E-01    0.265066433918422E-01    0.267802492008675E-01    0.269467799074349E-01    0.270026886009909E-01
