Размер выборки
128

Шаг выборки
 0.100000000000000E+01

Уровень значимости
 0.100000000000000E-01

Массив времени
 0.000000000000000E+00    0.100000000000000E+01    0.200000000000000E+01    0.300000000000000E+01    0.400000000000000E+01    0.500000000000000E+01    0.600000000000000E+01    0.700000000000000E+01    0.800000000000000E+01    0.900000000000000E+01    0.100000000000000E+02    0.110000000000000E+02    0.120000000000000E+02    0.130000000000000E+02    0.140000000000000E+02    0.150000000000000E+02    0.160000000000000E+02    0.170000000000000E+02    0.180000000000000E+02    0.190000000000000E+02    0.200000000000000E+02    0.210000000000000E+02    0.220000000000000E+02    0.230000000000000E+02    0.240000000000000E+02    0.250000000000000E+02    0.260000000000000E+02    0.270000000000000E+02    0.280000000000000E+02    0.290000000000000E+02    0.300000000000000E+02    0.310000000000000E+02    0.320000000000000E+02    0.330000000000000E+02    0.340000000000000E+02    0.350000000000000E+02    0.360000000000000E+02    0.370000000000000E+02    0.380000000000000E+02    0.390000000000000E+02    0.400000000000000E+02    0.410000000000000E+02    0.420000000000000E+02    0.430000000000000E+02    0.440000000000000E+02    0.450000000000000E+02    0.460000000000000E+02    0.470000000000000E+02    0.480000000000000E+02    0.490000000000000E+02    0.500000000000000E+02    0.510000000000000E+02    0.520000000000000E+02    0.530000000000000E+02    0.540000000000000E+02    0.550000000000000E+02    0.560000000000000E+02    0.570000000000000E+02    0.580000000000000E+02    0.590000000000000E+02    0.600000000000000E+02    0.610000000000000E+02    0.620000000000000E+02    0.630000000000000E+02    0.640000000000000E+02    0.650000000000000E+02    0.660000000000000E+02    0.670000000000000E+02    0.680000000000000E+02    0.690000000000000E+02    0.700000000000000E+02    0.710000000000000E+02    0.720000000000000E+02    0.730000000000000E+02    0.740000000000000E+02    0.750000000000000E+02    0.760000000000000E+02    0.770000000000000E+02    0.780000000000000E+02    0.790000000000000E+02    0.800000000000000E+02    0.810000000000000E+02    0.820000000000000E+02    0.830000000000000E+02    0.840000000000000E+02    0.850000000000000E+02    0.860000000000000E+02    0.870000000000000E+02    0.880000000000000E+02    0.890000000000000E+02    0.900000000000000E+02    0.910000000000000E+02    0.920000000000000E+02    0.930000000000000E+02    0.940000000000000E+02    0.950000000000000E+02    0.960000000000000E+02    0.970000000000000E+02    0.980000000000000E+02    0.990000000000000E+02    0.100000000000000E+03    0.101000000000000E+03    0.102000000000000E+03    0.103000000000000E+03    0.104000000000000E+03    0.105000000000000E+03    0.106000000000000E+03    0.107000000000000E+03    0.108000000000000E+03    0.109000000000000E+03    0.110000000000000E+03    0.111000000000000E+03    0.112000000000000E+03    0.113000000000000E+03    0.114000000000000E+03    0.115000000000000E+03    0.116000000000000E+03    0.117000000000000E+03    0.118000000000000E+03    0.119000000000000E+03    0.120000000000000E+03    0.121000000000000E+03    0.122000000000000E+03    0.123000000000000E+03    0.124000000000000E+03    0.125000000000000E+03    0.126000000000000E+03    0.127000000000000E+03

Массив значений
 0.139593510197881E+01   -0.320803036946576E+00   -0.570131997524932E+00   -0.993145567564416E+00    0.956136442100469E+00    0.522007102893534E-01    0.949807800808940E+00   -0.374537781758332E-01    0.101631828733859E+01    0.220675848752298E+00   -0.763739782424019E+00    0.187484420723713E+01   -0.823625292951075E+00    0.978448839058637E+00   -0.805401118350508E+00   -0.323210445320931E+00   -0.183935509375232E+00    0.128998029944469E+01   -0.289570106756484E-01   -0.194945905906168E+01   -0.223172779981426E+01    0.253699803791063E+01   -0.128862923797117E+01    0.477679268108073E+00    0.104038043602917E+01   -0.349398633807157E+00   -0.639403522800807E+00   -0.173689697184128E+01    0.487341361418599E+00    0.949412510165389E+00    0.747974580244657E+00    0.104229962827071E+01   -0.165421249587418E+01    0.305696250366556E+00    0.896746131484709E+00    0.946302656527935E+00   -0.674237266104212E+00   -0.895818713086847E-01   -0.115859674408364E+01   -0.483856633397365E+00   -0.107606244098176E+01   -0.870510564229307E+00    0.144626852174147E+00   -0.359654607840935E-01    0.174719405738668E+00   -0.140776143966156E+01   -0.384871710797645E+00   -0.262703625704982E+00    0.196341451571342E+01   -0.741799237267483E+00    0.140765010746509E+01   -0.917065485425760E+00   -0.549725141032874E-01    0.245877527197363E+01   -0.337619377429502E+00    0.538230909965743E+00   -0.102659327402861E+01    0.813672695723248E+00   -0.138702025748308E+01   -0.430232376975426E+00    0.118026410876681E+01   -0.218456176130900E+01   -0.183490658490866E+01   -0.897606796247438E+00    0.175685747239305E+01    0.929538986365590E+00   -0.532146362457963E-01   -0.118775932048598E+01    0.115444077259787E+01    0.204000990885723E+01   -0.126376385007558E+00    0.134595423150406E+01    0.347181848932927E+00    0.312149335187488E+00   -0.181162560937769E+01   -0.182825686420785E+01   -0.636863639049600E+00   -0.634866380944796E-01    0.275250975070730E+00    0.164797149211970E-01    0.631062592414074E+00   -0.966180299980111E+00   -0.244830091698136E+01   -0.139071431948166E+01   -0.432420190232704E+00    0.241476070331051E+00   -0.418893529190730E+00   -0.791246389910239E+00   -0.306661616301416E+00   -0.172020479067058E+01    0.631812843576246E+00    0.129542024771345E+00    0.883194505082297E+00   -0.327794878756701E-01   -0.681659219162047E+00   -0.206987602234680E+01   -0.106121441941471E+01   -0.339289708354478E+00   -0.110695297712122E+01    0.109665898432734E+01   -0.520725122813925E+00    0.127392842230704E+01   -0.168851602248701E+01   -0.221072094986497E+00   -0.930479344687091E+00   -0.824846035665768E+00    0.179964228309178E+01   -0.801885540719990E+00   -0.130957430747114E+01    0.114123922921756E+01    0.102028110796847E+01    0.631077014482969E+00    0.719228155149637E+00   -0.585174478300641E+00    0.116980748693864E+01   -0.137574593250900E+01   -0.540905765021615E+00    0.123450363320922E+01   -0.100997885978177E+01   -0.730146443991503E-01    0.165515977454393E+01    0.139007929910099E+01    0.948857174796471E+00   -0.235783343201554E+00   -0.334381446805384E+00   -0.494124367178905E+00   -0.119362888181427E+01   -0.424489434771913E+00
